1000
-162.64996,-163.60704,-163.73306
-163.75575,-164.42728,-128.15813
-162.98477,-163.01987,-91.13578
-164.29373,-164.32664,-55.119724
-163.66902,-163.32172,-17.797104
-163.83624,-163.40819,19.156677
-164.537,-163.73418,54.517292
-163.89331,-163.8245,90.84215
-163.78355,-164.41086,127.771996
-162.65396,-163.55553,164.37746
-164.29282,-127.74145,-164.50616
-162.82066,-127.31103,-127.52572
-163.02614,-126.963806,-91.272224
-162.89398,-126.334755,-54.901566
-163.74643,-128.16777,-17.796888
-163.4321,-127.38281,17.4819
-163.55304,-128.16664,53.747627
-164.02798,-126.66488,91.706024
-163.59673,-127.56959,126.40345
-164.52577,-127.281334,163.59875
-163.50822,-91.78578,-162.84709
-163.30252,-90.06514,-126.96313
-164.30667,-90.15811,-90.16098
-163.879,-90.56925,-55.061943
-163.60953,-91.38364,-17.312698
-163.95312,-90.33234,17.534233
-164.17776,-91.84218,54.868217
-163.76984,-91.60163,89.91898
-163.51663,-91.90372,126.36377
-163.45226,-90.28852,164.24472
-163.62086,-53.877277,-163.84671
-162.67853,-55.438972,-127.644485
-164.5213,-54.98824,-90.74557
-163.45216,-53.718307,-54.974266
-162.67096,-53.60641,-17.398638
-163.3165,-54.007305,18.576456
-163.39383,-53.545742,53.65184
-163.96933,-54.483265,91.57834
-162.72937,-53.899906,127.59212
-164.10191,-54.8734,163.77621
-162.78203,-18.154747,-163.36972
-163.35197,-17.716507,-128.07086
-162.80698,-17.970287,-90.27641
-163.65997,-17.580902,-53.563503
-163.8842,-17.306702,-17.795986
-164.40823,-17.796326,17.854153
-162.75684,-17.478018,54.902443
-163.74417,-18.51865,91.66573
-164.22375,-18.144999,128.21637
-162.63908,-18.885365,164.61032
-163.9732,17.683746,-164.06207
-162.93326,18.834755,-126.60529
-163.2945,18.278225,-90.46546
-164.36096,17.675772,-54.72672
-163.4262,19.068422,-18.373398
-162.74098,17.50295,18.062937
-164.20723,17.202074,55.477974
-164.32108,17.213223,91.07728
-163.6105,17.531555,127.32271
-163.47534,18.086828,163.54408
-162.86229,53.63095,-164.37941
-163.55904,53.748344,-126.56972
-162.70622,55.27918,-90.3537
-163.79813,53.76643,-55.429657
-163.74933,53.62227,-18.203604
-163.26715,55.48864,17.79977
-162.95264,54.658978,54.680183
-163.86826,54.492603,91.09984
-164.40944,53.610817,128.09792
-164.41722,53.80683,164.04411
-162.68036,90.16455,-163.07011
-163.01549,90.66876,-127.63406
-164.59694,90.63021,-90.28379
-163.28065,90.614204,-54.973324
-162.66821,90.38429,-17.431328
-163.7996,90.74684,18.490463
-162.98758,89.92617,54.632416
-162.65358,90.69202,90.06673
-164.30888,91.48294,126.59197
-164.18825,90.415634,164.06656
-163.16862,128.03998,-164.52579
-163.74803,126.40946,-127.06182
-164.57951,127.67026,-91.72585
-163.46405,127.522125,-53.779575
-163.91725,126.97616,-18.491959
-163.11852,126.68212,17.25808
-162.90285,127.70149,54.992836
-163.78215,126.790535,91.33706
-163.2604,128.10603,127.636566
-163.61327,126.78764,163.79172
-163.81143,163.64372,-164.41307
-163.38658,163.07883,-127.45841
-164.37688,162.96077,-90.16611
-162.77594,162.81967,-55.065224
-162.8371,164.10463,-18.110506
-163.10541,163.80194,17.619453
-164.44843,164.54405,54.773033
-164.1431,163.61348,89.95633
-164.46272,163.82849,126.79833
-164.53322,164.39043,163.08876
-128.15344,-164.46791,-162.88235
-126.539185,-163.94499,-128.04637
-127.9378,-162.98602,-91.12837
-126.97523,-163.72102,-54.477837
-126.85807,-163.07568,-17.633583
-127.61467,-164.28616,18.381935
-126.83203,-163.9374,54.54405
-128.00606,-162.99278,91.16742
-127.592735,-163.02646,127.73569
-127.64521,-164.06866,163.53122
-126.35886,-128.09334,-163.98045
-126.67311,-127.46367,-128.19032
-126.67587,-126.55764,-91.13927
-127.94383,-126.79033,-54.11201
-126.64099,-128.05795,-19.000656
-127.77225,-127.14655,18.330719
-128.09369,-126.29625,53.777084
-127.362434,-126.36494,90.95506
-126.52243,-127.08951,126.363945
-128.111,-128.10246,163.02013
-127.36941,-91.50189,-164.55998
-126.2909,-90.071526,-126.77213
-127.48852,-91.62586,-91.253815
-127.66019,-90.25376,-54.48299
-128.22517,-91.73666,-18.149326
-127.61524,-91.3642,17.613266
-126.38434,-91.10113,54.033096
-126.43318,-91.66425,90.23966
-127.594376,-91.234474,127.25676
-126.37417,-91.17898,162.64449
-127.48773,-54.566917,-164.0699
-127.81593,-54.36498,-128.11128
-126.88392,-54.053894,-91.00555
-126.75397,-55.067196,-53.674774
-128.07967,-54.97976,-19.054989
-127.94072,-54.419155,18.48024
-126.39057,-54.945576,54.11911
-126.77385,-54.40973,90.30596
-127.86256,-55.537003,127.56095
-128.13037,-54.33531,163.06883
-127.68014,-18.391037,-163.64186
-127.021324,-19.163559,-126.75257
-127.72432,-18.565939,-90.18892
-127.06232,-17.795479,-54.2895
-127.31694,-18.562902,-17.897636
-126.73721,-17.674978,17.599482
-127.03246,-18.824335,53.7115
-126.64155,-17.930573,91.44166
-127.38487,-19.063307,126.300865
-127.71842,-18.75586,164.10593
-127.24909,18.376312,-163.39105
-127.5642,18.52291,-126.5725
-127.1049,17.652851,-90.55661
-127.35446,17.635553,-54.963005
-127.84627,18.891039,-18.066948
-127.04112,18.156212,18.57078
-126.89274,18.185514,53.679512
-127.74806,19.157228,91.899086
-126.715546,18.807491,127.01266
-126.38095,19.012964,164.1815
-126.31007,55.16759,-163.04745
-126.555305,54.066647,-127.96436
-127.22962,55.245937,-91.28943
-128.25963,54.416035,-55.140663
-126.4722,54.455597,-18.59614
-127.83586,55.000225,17.522614
-126.33447,54.804283,55.26136
-128.08823,54.32335,90.404915
-128.04204,54.1809,126.4921
-126.90569,54.1426,164.53267
-127.31372,91.471214,-164.23576
-127.40065,90.92747,-127.11593
-126.45614,91.755936,-90.92893
-126.66541,91.05658,-54.73748
-127.74171,91.178925,-17.392563
-126.48929,91.51015,17.251846
-126.513885,90.70334,53.54784
-128.02562,91.64338,91.00517
-127.47785,91.800186,126.92871
-127.40095,90.780975,163.82819
-127.969086,127.07208,-163.78801
-126.411514,126.57097,-127.66953
-127.98246,126.82107,-90.91893
-127.05097,127.114975,-54.804844
-127.87786,127.57118,-18.435465
-126.60354,126.61941,17.992136
-127.66619,126.447334,54.92847
-126.71386,126.98047,91.84552
-127.79313,126.780655,127.83994
-127.71643,128.24065,163.0308
-127.11447,163.49986,-164.61263
-128.0011,163.67255,-127.5964
-127.60074,164.19843,-90.20353
-126.44959,164.49937,-54.07123
-126.82953,162.88892,-17.379623
-128.0455,164.17252,19.01272
-127.043076,163.8039,54.313927
-128.02676,163.65695,90.47849
-127.361626,162.79535,126.76974
-126.78754,163.64288,163.88344
-91.11815,-164.10518,-164.51237
-90.44537,-163.66185,-126.449554
-90.03166,-163.48087,-90.5347
-90.35467,-163.7526,-54.964813
-90.58843,-163.77547,-17.983898
-90.03079,-163.87604,18.032547
-89.9701,-164.46239,54.353977
-89.937256,-163.30121,90.74547
-90.96521,-163.11397,126.69815
-90.88556,-163.02625,163.75754
-90.920906,-127.57694,-164.33713
-90.23028,-127.374855,-126.38287
-90.39886,-127.31305,-90.73245
-89.979355,-127.823845,-53.958595
-90.61107,-126.65325,-18.16535
-91.41234,-126.50892,18.751102
-90.91826,-126.42434,54.7589
-91.47418,-127.570496,90.380516
-91.8084,-126.45734,126.99496
-90.293526,-127.57338,162.83652
-90.10893,-91.56907,-164.18646
-91.84771,-90.323814,-126.33782
-90.24646,-91.04857,-90.350975
-90.2499,-90.175415,-54.230675
-90.44781,-90.455345,-18.832788
-91.682915,-91.23249,17.749708
-90.06276,-90.89965,53.698082
-89.98186,-91.081,90.711136
-90.64406,-90.851326,127.55525
-91.1461,-90.49237,163.86877
-90.37326,-55.08273,-164.44966
-91.13906,-54.391323,-126.51088
-91.15438,-53.620224,-89.99471
-90.480385,-55.139668,-55.376526
-91.10558,-55.399826,-17.374273
-90.13954,-53.56722,17.403263
-91.90253,-55.43053,53.7139
-91.89498,-53.87006,91.03075
-91.66842,-55.487736,127.197266
-91.8115,-53.732,163.13176
-90.65783,-18.609707,-163.7867
-91.41976,-18.071676,-126.58586
-90.79443,-17.492062,-91.16103
-91.083015,-18.170448,-54.542534
-91.068855,-18.059164,-18.711803
-91.66519,-18.18343,18.628225
-91.08917,-17.41719,53.744846
-90.52264,-18.577528,90.72101
-90.08967,-17.393097,127.738976
-90.18089,-18.81018,164.22177
-90.86174,17.905796,-162.87592
-91.68419,17.64614,-126.35235
-91.59366,17.209269,-91.22184
-90.09877,18.070658,-54.963257
-91.897415,19.057848,-18.543447
-90.93093,19.11576,18.699755
-89.98882,18.798914,54.43792
-89.99347,17.227057,91.67213
-91.43224,18.391169,127.23476
-91.61053,18.616266,163.87787
-91.30742,54.16159,-163.75722
-91.06233,54.959347,-127.58023
-90.961525,55.220108,-91.67145
-91.43518,53.869835,-55.402954
-90.75076,54.865395,-17.381899
-90.64712,53.954582,18.956964
-91.19425,54.241333,53.618458
-90.9059,55.374077,90.86392
-90.26636,53.796806,127.292336
-90.27089,53.656048,163.05656
-90.77333,91.00202,-162.82896
-90.230896,91.18797,-127.40001
-90.192055,91.76318,-91.42275
-91.3861,91.29804,-54.93751
-90.91515,91.03191,-18.985077
-90.953415,90.41225,19.021978
-91.12201,90.122536,55.31251
-91.21779,91.69302,91.6377
-90.26421,91.369965,126.98436
-90.36039,90.91157,163.7221
-90.26704,127.6754,-164.0795
-90.89054,126.396194,-127.50593
-91.66942,127.751854,-91.1204
-90.53162,127.07335,-54.625458
-91.06182,126.408264,-18.919718
-90.557076,126.30391,19.181421
-90.71335,128.08064,55.523224
-90.85761,127.78261,91.51105
-91.51039,126.85126,127.322556
-90.76303,126.78009,163.31422
-91.38759,163.54425,-163.36723
-90.157585,163.04153,-128.09644
-90.68676,162.95404,-90.76921
-91.707664,164.05138,-54.469887
-90.81267,163.72977,-18.335506
-90.727135,163.67657,18.906267
-91.379074,163.19121,54.438736
-90.46857,163.29074,91.73416
-90.13738,162.97746,127.721214
-91.2056,162.9281,163.08609
-55.208637,-163.44414,-162.68349
-54.02054,-164.40343,-126.57239
-53.92332,-164.30127,-90.14721
-53.58452,-164.11707,-54.789364
-54.96539,-164.42812,-18.124142
-55.154125,-164.16896,17.838757
-53.54978,-163.69592,54.129253
-55.033703,-162.80069,91.068184
-54.33931,-162.74974,126.9209
-53.64375,-162.84244,163.40523
-54.00055,-126.38336,-162.9605
-53.594204,-127.20182,-127.272446
-54.823204,-126.894615,-90.22312
-54.47378,-126.58815,-55.450012
-54.27603,-127.776474,-17.708817
-54.815956,-126.3953,18.069084
-54.11277,-126.58229,54.172516
-54.144173,-127.25989,91.84683
-55.48625,-128.16628,126.61102
-54.780975,-126.99821,163.88992
-53.799965,-91.35944,-162.8009
-55.375828,-91.02058,-126.806564
-54.215393,-91.40707,-90.38975
-53.87412,-91.20592,-53.570286
-55.1773,-90.625725,-18.944153
-54.545273,-90.93734,18.661585
-55.21756,-91.66607,54.545414
-54.407013,-91.90598,90.39626
-55.344105,-91.24683,126.53035
-55.314835,-91.88558,163.4791
-54.033566,-54.672405,-163.47589
-53.574825,-54.039528,-128.22377
-53.998077,-54.72928,-91.59808
-53.8984,-54.673122,-54.763657
-55.256226,-54.6858,-17.55401
-55.08036,-54.299603,17.974249
-53.9422,-55.221603,54.415115
-54.716164,-54.58634,90.06833
-55.379555,-55.327515,127.730705
-55.48838,-53.612988,163.5125
-53.740574,-17.820597,-163.08867
-54.639603,-18.665245,-127.68102
-54.32656,-18.217493,-90.55313
-55.41076,-17.850943,-54.81713
-53.951313,-17.702253,-18.94348
-54.561077,-18.6117,18.176254
-55.0229,-17.98379,54.525806
-54.31161,-18.381868,90.01328
-53.815376,-18.32182,127.47075
-55.248962,-18.07866,162.64836
-53.713272,18.065144,-163.18573
-54.809444,17.592012,-127.31034
-53.583477,17.720499,-91.40917
-54.13198,17.854174,-53.879272
-54.327995,18.006504,-17.793839
-55.494156,19.164045,17.46366
-54.247093,18.676006,55.095104
-55.21619,18.896921,91.226685
-54.10549,18.431381,126.835045
-55.531883,18.135712,164.17159
-55.262665,53.651234,-162.95578
-54.350178,54.50569,-128.07278
-55.14854,54.091602,-90.56706
-53.6662,54.364742,-55.450268
-53.910862,53.93853,-17.934359
-54.75173,54.944885,19.125635
-53.70743,55.139225,54.014935
-55.013515,53.868298,90.1145
-54.73661,54.337833,126.63391
-54.48042,54.381447,163.48206
-55.090427,90.57418,-163.12775
-53.57301,90.10331,-127.30015
-54.623356,91.67285,-91.49183
-54.43076,90.111565,-54.101078
-55.332493,90.71638,-18.294397
-54.312317,90.158005,17.328981
-53.55042,91.012184,54.590584
-54.630745,91.61167,90.02531
-55.519146,89.91433,127.79129
-54.64156,91.56002,162.75632
-54.08098,128.16516,-162.68695
-54.017815,127.19792,-126.409904
-55.156693,126.48877,-91.68616
-54.04813,127.52194,-54.77177
-54.776184,126.36767,-18.739273
-55.44297,127.18356,18.988934
-54.67788,127.08211,54.312984
-55.537018,127.86399,90.55274
-53.706417,127.285736,126.3941
-55.09313,126.97283,163.42696
-54.328716,162.79948,-163.23766
-53.617374,163.27141,-126.62303
-54.242195,163.03786,-90.73448
-53.648376,162.7449,-54.414177
-53.83543,163.23988,-18.276915
-54.111683,164.3307,17.88375
-54.595425,164.41306,55.542835
-54.78696,164.40393,91.31116
-54.717922,163.47972,126.32679
-54.662945,163.48564,162.96951
-18.554054,-164.34306,-164.50636
-17.391495,-164.40347,-126.30961
-18.134464,-163.43535,-91.149284
-18.642899,-164.39494,-54.94956
-17.585583,-163.65738,-18.440872
-17.562946,-164.595,18.144627
-17.364456,-162.96959,54.092373
-17.42914,-164.26135,90.45941
-18.219803,-163.92236,128.14517
-17.674376,-163.81638,162.87254
-19.033926,-128.12466,-164.34592
-17.471611,-127.26411,-126.90301
-17.269985,-126.95995,-90.79827
-17.84718,-128.06804,-54.84639
-17.95003,-127.62508,-17.942928
-18.003036,-127.866585,18.542923
-18.092215,-127.58687,54.646103
-18.854467,-127.59944,90.6828
-18.843279,-126.547455,127.19162
-18.999619,-127.467514,163.4718
-17.460875,-90.69486,-162.65361
-17.28674,-90.744576,-126.77571
-18.743187,-91.684105,-91.36922
-18.446163,-91.054504,-54.63537
-18.66801,-91.78694,-18.977879
-18.385513,-91.66871,17.43833
-18.37624,-90.78573,54.871033
-19.025425,-90.31977,90.87933
-17.716305,-90.554054,127.022736
-19.083906,-90.19034,164.30444
-17.53391,-55.030003,-163.51717
-18.998579,-54.453594,-126.2864
-18.718761,-54.632797,-91.474106
-18.105577,-54.254147,-53.902622
-18.389635,-54.94605,-18.753082
-17.77898,-55.16197,17.538025
-17.259083,-55.537014,55.44738
-18.373278,-54.2926,90.87989
-17.241829,-54.262222,127.83344
-18.07405,-55.463203,163.56572
-18.089159,-18.01452,-164.4996
-18.166939,-18.508718,-127.11844
-18.037111,-18.884243,-91.04728
-18.571798,-17.24044,-54.80652
-17.759382,-18.80462,-18.216522
-17.805826,-18.99873,18.405523
-18.977554,-17.300102,54.090267
-17.477438,-17.920177,90.3292
-18.740005,-17.474855,127.08777
-17.623884,-19.147161,164.56476
-18.512217,18.164352,-163.84952
-19.165928,18.464376,-126.394005
-17.47539,18.20306,-90.593704
-18.831547,18.883408,-55.37318
-17.81269,17.262196,-18.79666
-18.618664,18.833368,17.568048
-17.32649,17.4658,55.183723
-17.837404,17.65429,90.52035
-18.471733,18.367514,127.61809
-18.873762,18.997896,164.28673
-17.2408,55.304024,-163.51353
-18.721529,53.699203,-126.48106
-17.461725,53.581295,-91.4796
-17.562428,53.81511,-53.918785
-18.514477,55.139748,-18.006716
-18.947605,53.58756,17.708374
-18.445374,54.749424,54.99364
-17.758171,55.359993,90.72737
-18.481363,55.38234,127.173325
-17.868336,53.63669,163.54811
-18.225449,90.60828,-164.18396
-17.266518,91.81712,-126.446594
-17.212088,91.82012,-90.06251
-18.068901,90.92071,-53.940998
-18.615685,90.92665,-18.238152
-17.472317,91.387825,17.254402
-17.1985,90.69414,54.294716
-17.714106,91.60369,90.85191
-18.254581,90.5817,127.99837
-18.68775,90.70689,164.01779
-17.931,126.397354,-162.96397
-18.579885,126.87552,-127.28135
-18.092257,126.780754,-90.42973
-18.260923,127.02198,-54.78905
-17.676455,127.42457,-18.710232
-18.778858,127.119736,17.743847
-17.463732,128.20897,54.490074
-18.573193,126.83581,90.80991
-18.591509,126.38923,127.705444
-18.909073,128.04474,163.82147
-18.107048,162.99567,-163.0517
-17.43973,163.01082,-128.02383
-17.550182,162.96252,-90.67194
-18.697025,164.30252,-55.05928
-18.259815,163.59842,-17.559658
-18.705547,162.82655,18.54732
-18.247456,163.36049,54.890434
-18.55948,163.9637,90.55969
-18.422886,163.3507,126.9256
-17.277256,164.17204,162.82501
18.548977,-162.8299,-164.21188
18.445362,-162.872,-127.35944
18.718105,-163.12146,-90.97968
17.228388,-164.1394,-53.79001
18.931843,-163.56396,-17.410837
17.594307,-163.27678,18.353443
18.688715,-164.59964,55.133934
17.740702,-164.07721,90.53923
19.001583,-163.98755,127.92652
18.574419,-162.72897,164.49344
19.146128,-127.3615,-163.36613
17.855717,-126.48759,-126.8278
18.253027,-127.521034,-90.5852
17.1907,-127.687904,-54.86684
18.008587,-127.58144,-17.270636
17.505564,-127.363335,19.004221
18.661983,-126.90151,55.3904
18.257917,-128.193,90.3375
17.263447,-127.60826,127.39287
18.378992,-127.27979,164.49838
18.780502,-91.694115,-163.6017
18.25844,-91.15747,-126.304955
18.661531,-91.40007,-91.837906
17.572544,-91.1459,-53.964172
18.715439,-90.58013,-18.786581
17.452702,-90.668465,18.318115
17.423136,-90.6174,54.387287
18.910112,-90.17186,91.69205
17.286406,-91.06199,127.23959
17.57886,-90.14796,163.2239
17.487888,-54.503338,-163.00629
17.387846,-54.54156,-128.07465
18.405891,-55.046642,-91.63971
18.051226,-55.27874,-54.060623
18.628767,-53.95625,-18.873022
18.61885,-54.40033,18.37954
19.099045,-55.118763,55.37996
17.848108,-53.965714,91.12598
17.893812,-54.204323,127.07311
18.762203,-54.091167,163.12189
18.217714,-17.459984,-163.70862
17.96166,-18.453033,-126.736626
17.894522,-18.275959,-91.68359
17.975817,-17.860666,-53.611526
18.906702,-19.026024,-18.401133
19.101288,-17.789318,18.279137
17.702515,-18.280998,54.156826
18.777824,-18.599493,91.8161
18.321712,-17.428871,126.8651
17.37829,-18.944803,163.32512
19.040413,18.032282,-164.61055
17.276432,17.863495,-127.10623
17.51956,17.25755,-90.39227
18.876558,17.934942,-54.042435
17.271387,18.10525,-17.49956
18.566282,18.949425,17.951263
17.351297,18.133802,53.90463
18.599867,17.29689,91.598175
17.836632,17.64774,126.436905
17.81767,18.391888,163.20357
17.566708,54.06245,-164.13696
17.39186,55.275105,-126.426926
17.411095,54.782944,-90.67493
17.923832,55.052883,-54.365868
18.131306,53.670216,-18.069448
18.505438,54.67164,18.029501
17.51451,53.73109,55.02753
17.83567,55.49157,91.07144
17.380653,53.794456,127.01138
17.852617,54.77244,164.44653
18.714981,90.99606,-164.0767
18.810738,91.57879,-126.40015
18.47609,90.7929,-91.826996
17.236681,91.78359,-54.969604
18.202663,90.76756,-18.04206
18.236132,90.62936,19.151321
17.534554,91.109665,54.731213
17.541948,90.6958,90.80875
17.416862,91.479774,126.9676
18.048754,90.97542,162.75359
18.60518,127.22042,-163.42851
17.76269,126.616104,-126.58546
17.825344,127.05966,-90.56196
17.260757,127.55111,-54.372627
18.647888,127.28714,-18.744675
18.56565,127.49346,19.132057
17.842613,128.0355,54.046722
18.985975,127.496315,91.59403
18.093943,126.30632,126.503784
18.81766,128.07974,163.06381
18.416067,162.7049,-162.82747
18.531794,164.15076,-126.2986
18.16407,162.91533,-91.18642
18.032425,164.06638,-54.018272
17.905655,164.12218,-18.41659
17.54089,163.90417,18.523098
18.583244,164.05844,55.181713
18.203808,162.7017,90.80735
18.653097,164.20035,127.69168
17.40311,163.17482,163.95744
54.192627,-163.58755,-162.8263
54.409107,-163.94547,-126.60183
54.28239,-163.30266,-91.64806
54.231113,-163.31398,-54.06967
54.080048,-163.7522,-18.985645
55.00502,-163.03433,18.620249
55.07803,-163.10007,54.840557
54.583668,-162.88077,90.37457
54.925877,-163.41663,126.8351
54.52845,-163.07535,162.83028
54.617897,-127.41527,-163.63809
55.26445,-127.5438,-126.94012
55.316833,-127.81291,-90.96146
54.588127,-126.41893,-53.945812
53.64171,-127.859665,-17.44242
54.315067,-128.25879,18.926804
53.67706,-126.80587,53.970657
55.33417,-127.909775,90.563225
54.445976,-127.44554,126.36075
53.611454,-127.514435,164.47362
55.393562,-90.34637,-162.70137
54.46971,-90.60518,-127.64614
55.0243,-90.68905,-91.767654
54.07029,-90.70446,-55.4381
53.697033,-90.12404,-19.081795
55.378616,-89.96062,17.423735
53.914856,-90.73432,54.357323
54.643723,-90.64068,91.14415
54.254856,-91.84821,126.278244
53.650726,-91.33261,163.44025
55.05222,-55.528385,-163.42601
55.24937,-55.090744,-127.56095
55.42985,-54.358036,-91.83401
55.16172,-54.418133,-55.42898
53.70967,-54.948036,-17.615658
54.229805,-54.550854,17.84799
55.276882,-54.202225,54.870743
54.68825,-55.43739,91.584206
55.303295,-54.406788,127.50149
55.4993,-55.293365,164.0798
53.94361,-18.35802,-163.09717
54.79656,-18.417606,-128.059
54.936108,-18.314358,-91.52962
54.311584,-17.358072,-55.149033
54.53341,-17.25016,-18.074852
54.76407,-17.870968,19.151953
54.833447,-18.982843,53.810684
55.260094,-18.705944,91.27556
54.469116,-17.50891,126.76774
54.75301,-19.078093,163.85828
54.722324,17.827068,-163.97299
54.484688,17.689169,-127.56523
54.725315,19.115738,-90.60869
53.86981,17.599405,-54.452114
54.41971,18.849089,-18.71774
54.483463,17.559866,18.200237
54.202965,18.224142,54.161873
55.475594,17.559248,90.190956
54.817417,17.213608,127.03061
54.885315,17.991335,163.05661
54.200626,55.10239,-163.9424
53.866596,54.956314,-127.04126
54.7043,54.898327,-91.25878
55.093002,53.617546,-55.532753
54.05714,54.92343,-17.620878
53.767315,53.72444,17.200176
53.78696,53.76999,55.21574
55.016,54.609882,90.59191
54.236523,54.55662,127.2826
54.866688,54.13531,163.16824
54.41551,91.26834,-163.09268
53.92885,89.94039,-126.60454
54.500095,90.248886,-90.85728
53.614452,90.37111,-54.800495
54.165916,90.363335,-19.000275
54.660393,90.4429,17.183739
54.436165,90.34486,54.694035
54.761482,90.32497,91.29096
54.069542,91.88456,128.14366
55.280975,91.39382,163.96078
55.034626,127.01569,-163.5517
54.598007,126.59534,-127.16421
54.12645,127.15562,-91.70142
54.742252,127.0814,-55.01801
54.71256,127.233025,-17.434725
53.784767,126.57552,18.76991
54.223667,127.84098,55.14137
53.664104,126.69295,90.53658
55.195854,127.06672,127.36595
54.195717,128.24445,163.6876
54.85297,163.96808,-162.68317
53.87632,164.42644,-126.95011
54.888115,164.32907,-90.245285
54.752007,163.61827,-55.336296
55.45438,164.45831,-18.824835
54.223595,163.80098,17.568523
54.227837,163.70499,55.369087
55.12419,163.12158,90.67541
53.88904,164.22226,128.25542
54.438976,164.14919,164.39574
91.79646,-164.3516,-163.74997
91.41958,-163.66553,-126.334816
90.139015,-162.99278,-90.9011
90.44916,-164.42863,-53.941887
91.174065,-163.75269,-18.16092
91.76765,-163.59857,17.492298
91.59406,-163.04984,55.406033
90.61765,-163.39476,91.18331
91.6593,-163.86148,126.955215
90.98935,-164.12201,162.89601
90.552315,-127.56357,-162.73412
91.439026,-127.200645,-126.30844
91.72191,-127.16527,-90.08685
91.414955,-126.88868,-54.83588
91.24961,-127.200165,-18.708376
90.80775,-126.39994,17.68557
91.516304,-126.62858,55.117283
91.234764,-128.13304,90.03888
90.84173,-127.30042,127.5146
90.89245,-127.67057,164.10054
91.865326,-90.875854,-163.65659
91.5711,-91.56528,-127.51741
90.37625,-91.73429,-90.360405
91.00447,-91.193245,-54.25648
91.06591,-90.462814,-18.285437
91.49941,-90.22652,18.80229
91.57166,-90.41893,53.978313
90.76747,-91.85217,91.805244
90.748314,-90.20084,126.97487
91.477936,-89.928345,162.8765
90.91693,-54.45437,-163.41489
89.9402,-54.33822,-127.07666
91.24583,-54.563313,-91.50954
91.73567,-54.25526,-54.66853
90.54499,-54.90367,-18.238188
89.94205,-54.70878,17.87021
91.74178,-54.479813,54.552464
89.98931,-55.513138,90.02184
90.929695,-55.259094,127.050316
90.46256,-55.519905,162.6836
90.42754,-17.392092,-164.3388
90.99157,-18.6866,-126.46707
90.70238,-18.958977,-91.2503
90.441414,-18.62177,-55.530758
90.070465,-17.832804,-18.163324
91.27997,-17.2262,18.143892
90.49376,-18.519056,54.45761
91.21714,-18.752035,91.39676
91.7638,-18.4763,128.1091
90.864075,-18.201338,163.81989
91.611465,19.177395,-163.48537
91.38906,17.710766,-127.04397
91.68982,17.831636,-90.28781
91.07157,17.879906,-54.198505
90.21295,19.016872,-17.18666
90.636826,18.616085,19.018398
90.920784,18.609833,54.819904
91.32519,18.298557,91.240685
90.297775,18.238592,126.9365
90.71122,17.56129,163.12422
90.52478,55.440533,-164.33693
90.04084,54.528927,-127.48341
90.90919,53.568516,-89.98684
90.45638,55.20731,-54.16846
91.42114,53.9204,-18.565542
91.26676,55.301926,17.322962
91.21023,55.402267,54.44953
90.04871,55.45918,91.84206
90.894905,53.87354,128.11449
91.10849,55.068054,163.37051
91.10862,91.0466,-163.48178
91.73807,90.29216,-126.4367
90.75545,91.583694,-91.66458
91.73682,91.013336,-55.4773
91.59279,91.77029,-18.193993
90.941246,91.65144,19.164436
90.60107,90.326546,55.43151
91.02784,91.02448,90.36218
90.369965,91.29687,127.787575
90.34951,90.261795,162.72627
90.28885,127.14117,-162.77905
90.15477,128.03284,-126.54169
91.44952,126.96451,-90.845604
90.148155,127.71276,-55.371643
91.736465,127.48241,-19.178425
90.100624,127.377045,18.912552
91.389755,127.45165,54.751865
90.97755,127.86855,90.00749
91.79645,127.09789,127.08867
90.79467,127.51735,164.58759
90.64417,163.75418,-163.37909
90.95578,163.06194,-127.724266
90.81042,164.04451,-90.71924
90.94291,163.70775,-55.324764
90.14115,162.8295,-17.820948
91.09171,162.91064,17.914463
91.204895,163.11511,54.68662
90.51526,163.10168,90.377426
91.46616,163.12419,126.91372
91.49571,163.3621,163.47202
127.59971,-162.71977,-163.40054
126.37109,-163.59653,-127.67752
127.4265,-164.27196,-90.71455
127.15235,-164.45609,-55.040836
128.16309,-163.33551,-17.21133
127.45611,-163.96477,17.324448
127.5871,-163.53453,55.462505
126.8229,-164.46936,90.528046
127.99729,-164.40866,126.75782
126.40302,-162.88797,163.67244
127.87568,-127.31484,-163.06927
127.51805,-128.01505,-127.03188
127.13854,-126.36759,-90.61192
126.93809,-127.80171,-55.321323
126.45253,-126.65438,-18.734758
127.50606,-126.91174,17.48771
127.102356,-126.4056,55.518883
128.16396,-127.462715,90.134346
126.69332,-128.11856,126.65899
127.035774,-126.43078,164.09962
126.92886,-90.05498,-163.37692
128.19482,-91.466774,-127.049355
126.89351,-91.034424,-90.78933
126.85555,-91.799446,-55.515274
126.34393,-90.78755,-17.328707
127.60548,-91.16054,17.975342
127.80299,-91.49281,55.43584
126.65015,-91.87017,90.55698
128.2449,-90.30805,127.40622
127.273834,-90.127815,163.69777
126.55626,-55.07647,-163.27625
127.11045,-54.992,-126.65281
126.370384,-55.06181,-91.54592
128.20605,-54.519077,-54.374832
127.27356,-55.064312,-17.816256
127.36312,-54.717266,18.810537
127.18079,-54.99737,55.050793
127.30055,-54.29215,91.41524
126.45398,-54.433834,127.59905
127.74504,-54.0249,164.09065
127.95107,-17.54142,-164.24066
127.40595,-18.949717,-127.31766
127.22367,-18.112038,-90.59135
127.69376,-18.101318,-55.34922
128.11896,-17.743872,-17.324575
127.47604,-17.679903,18.60244
126.72466,-19.084011,54.56774
126.71751,-18.074957,91.31695
126.76988,-18.771812,128.21066
126.98336,-18.589851,163.91925
126.33077,17.531023,-164.1166
127.97629,17.901312,-127.86118
127.470436,17.902344,-91.908005
127.2272,18.657125,-54.49247
127.07751,18.470005,-18.508902
126.515434,17.709154,18.328476
127.65214,18.983246,53.880444
127.81021,18.08188,91.13189
126.5294,17.988483,127.9646
126.300606,17.918615,163.95146
126.531,54.6925,-163.21051
126.75359,53.92903,-126.78172
126.33813,54.248955,-90.64302
128.16275,55.271053,-53.753757
126.729126,54.87049,-18.759663
127.70957,55.377186,19.144804
126.743576,55.056377,54.394512
126.91739,55.230858,91.46334
126.91565,54.188637,127.97194
127.09223,53.732346,164.12056
127.231064,90.1574,-163.9777
127.214226,90.02286,-127.86765
127.94502,90.73445,-90.79239
127.107315,91.32,-55.068634
127.19509,90.64635,-17.619831
128.1347,90.53879,18.169685
127.15275,90.40811,55.11751
127.386086,90.04974,90.01252
126.70434,91.0836,127.34965
127.812416,90.04619,163.51756
127.148834,127.71027,-164.59927
126.82863,126.41952,-126.805214
127.96444,127.89533,-91.38069
127.12576,126.59455,-54.999268
128.0761,126.36011,-18.798788
126.29397,126.65892,17.346012
126.7041,127.95067,53.754585
128.1183,127.38979,91.54848
126.78933,127.058716,127.40706
127.736015,127.308914,163.3264
127.053444,164.53003,-163.69687
127.64758,163.23846,-126.740005
127.64705,163.31976,-91.1648
126.41888,164.61243,-53.5646
127.3486,164.12938,-18.785574
126.850555,162.66095,17.198719
126.94388,162.88564,53.7185
126.93834,163.88403,90.14365
128.2081,164.41217,127.424675
127.43776,163.32391,163.78717
163.13438,-163.12915,-164.32437
163.62263,-164.57533,-126.422195
164.29271,-164.12881,-91.23907
162.64363,-164.16731,-54.095364
164.42613,-163.6285,-17.990732
164.38501,-162.77655,18.21226
163.57149,-162.69402,53.683765
163.37537,-164.51999,90.22901
162.90298,-163.78839,126.97792
163.86343,-163.39517,163.31859
163.44487,-128.00604,-164.06693
164.1878,-127.0107,-127.86384
163.75983,-127.60154,-90.11369
163.52202,-126.75214,-53.855263
163.57556,-126.46968,-19.092556
163.08905,-126.61631,18.000614
164.50569,-128.22206,54.879097
163.83148,-126.9764,91.30077
164.18848,-127.50591,127.05861
162.73756,-126.849625,164.2506
162.96799,-90.36106,-164.31944
163.41869,-90.58361,-126.410675
163.43939,-90.35116,-91.52965
162.66196,-90.44407,-54.09632
163.7894,-91.64947,-18.151869
163.61972,-90.247925,18.257648
164.32263,-91.746796,55.289356
163.0207,-90.46528,90.22857
162.86205,-90.829384,127.72478
162.82985,-90.32671,163.13292
163.67401,-54.288685,-162.7533
162.87332,-55.342323,-127.01215
163.13525,-54.43531,-90.95507
163.77136,-55.446136,-53.985607
163.89421,-53.63035,-17.963371
163.66946,-54.53607,18.558964
162.6435,-54.94768,54.603493
162.85634,-55.108353,90.764336
162.91833,-54.93879,126.61227
162.84882,-53.884995,164.5467
163.93607,-18.134638,-164.38948
163.47354,-18.127247,-126.59473
163.12163,-18.668007,-91.88762
164.20743,-17.980865,-55.106945
163.33182,-18.783766,-17.93272
164.38803,-17.604206,17.884119
163.42935,-18.722319,53.66402
164.24826,-18.44277,90.86047
163.51543,-18.558826,127.63174
163.96414,-19.060251,163.24094
164.26054,18.352795,-163.97699
162.90762,17.64211,-127.32435
164.3535,18.322306,-90.05348
163.90565,18.598757,-53.62787
163.16696,17.969872,-17.858696
163.7445,17.553324,18.433512
162.8243,18.169228,54.407932
164.29454,18.159718,91.60214
163.43869,18.06109,127.94282
163.39758,17.478273,164.23593
164.47629,55.33489,-162.97427
163.3862,54.819183,-127.51622
164.56084,54.069485,-90.215645
163.4515,54.66144,-54.702778
163.6818,55.37866,-17.30322
162.718,55.50344,17.794867
163.46547,55.409912,53.63751
162.99814,54.394104,90.50935
163.42285,54.246803,126.90414
164.27826,54.67145,162.79242
163.99289,91.792175,-164.39828
163.41444,91.6826,-127.995026
162.6965,90.20413,-91.89612
163.78781,91.13302,-55.454933
164.03848,91.728294,-18.982395
164.08214,91.90075,18.66736
164.58641,90.95638,54.095627
163.42134,90.417076,90.75599
163.41457,91.65082,128.1916
162.91751,90.32358,163.68948
163.3111,126.99768,-162.75009
162.75142,126.474846,-128.00946
163.62196,126.60781,-91.65203
163.22482,126.952995,-55.277843
164.29587,126.79753,-18.984634
164.3791,127.324104,17.763334
164.34003,127.530075,53.599754
164.19507,126.952,90.710434
163.65723,127.15045,128.25748
163.01593,126.87671,163.19191
163.5636,164.3067,-164.03148
163.59222,164.31226,-126.80064
163.04099,162.90549,-91.66914
162.93964,162.67784,-55.022133
162.7161,162.87408,-17.801102
163.14919,162.77068,17.994364
164.08922,163.47565,55.17142
163.33775,163.57419,89.964714
163.74472,163.03607,128.14888
163.87465,163.32016,163.68332
